3246
3247
3248
3249
3250
3251
4222
4223
4224
4225
4226
4227
4237
4238
4239
4240
4241
4242
4243
4258
4270
4274
4275
4276
4839
4959
4962
4963
4966
4969
4970
4971
4974
4975
5434
5435
5436
5437
5438
5452
5719
6143
6155
6157
6171
6223
6293
6309
6352
6357
6361
6363
6409
6410
6411
6483
6528
6532
6631
6744
6918
6919
6920
6921
6922
7061
7081
7083
7135
7172
7183
7191
7198
7199
7200
7201
7202
7203
7204
7275
7276
7277
7278
7279
7280
7281
7282
7283
7284
7285
7286
7298
7299
7300
7310
7312
7318
7320
7324
7326
7335
7336
7337
7338
7499
7503
7504
7508
7524
7525
7526
7573
7601
7603
7622
7623
7624
7625
7643
7654
7674
7682
7685
7707
7708
7714
7771
7797
7806
7894
7895
7896
7940
7952
7972
7992
8048
8114
8115
8116
8117
8124
8171
8304
8317
8319
8329
8331
8374
8397
8400
8909
8914
8927
8928
8929
8935
8936
9022
9023
9027
9038
9039
9040
9088
9100
9148
9199
9200
9242
9288
9289
9303
9397
9403
9404
9409
9410
9420
9508
9510
9514
9515
9516
9517
9519
9520
9521
9522
9523
9524
9525
9526
9527
9528
9543
9544
9545
9546
9547
9548
9549
9550
9551
9552
9553
9554
9555
9557
9558
9559
9560
9561
9562
9563
9564
9565
9566
9567
9568
9569
9570
9578
9585
9586
9587
9588
9589
9619
9647
9648
9649
9650
9651
9652
9654
9655
9660
9661
9662
9663
9670
9671
9686
9689
9698
9699
9701
9702
9703
9704
9765
9786
9801
9802
9803
9804
9805
9806
9808
9812
9814
9840
9842
9843
9844
9845
9846
9847
9848
9849
9851
9852
9853
9854
9855
9866
9867
9868
9877
9878
9912
9918
9920
9979
9998
9999
10000
10001
10002
10003
10021
10031
10047
10060
10062
10063
10064
10065
10092
10094
10097
10104
10106
10107
10108
10109
10121
10122
10123
10124
10125
10126
10127
10153
10183
10184
10185
10187
10189
10191
10192
10193
10197
10198
10199
10200
10201
10202
10203
10226
10227
10228
10229
10275
10276
10277
10278
10284
10349
10388
10393
10400
10437
10521
10522
10540
10541
10542
10543
10544
10545
10547
10564
10566
10587
10588
10589
10590
10591
10605
10606
10608
10609
10610
10611
10612
10628
10663
10754
10776
10780
10781
10782
10796
10890
10934
10935
11017
11018
11019
11020
11021
11022
11073
11074
11076
11077
11078
11079
11081
11082
11084
11091
11098
11099
11110
11117
11118
11140
11147
11148
11149
11150
11185
11186
11187
11188
11192
11245
11246
11247
11248
11249
11250
11251
11253
11254
11255
11256
11260
11262
11263
11265
11266
11267
11276
11277
11278
11281
11282
11283
11284
11290
11291
11292
11293
11294
11295
11296
11297
11298
11299
11300
11301
11311
11313
11314
11319
11326
11327
11328
11329
11330
11331
11332
11333
11334
11336
11344
11345
11346
11352
11354
11372
11373
11375
11377
11378
11379
11409
11472
11475
11479
11480
11481
11482
11483
11484
11485
11487
11488
11489
11497
11498
11501
11503
11505
11507
11508
11510
11512
11516
11517
11518
11530
11539
11546
11547
11554
11561
11566
11568
11574
11577
11578
11579
11580
11582
11583
11584
11593
11604
11605
11606
11623
11674
11677
11681
11702
11705
11738
11794
11817
11854
11855
11913
11914
11915
11916
11920
11950
11956
6510
7891
7892
7182
8193
11559
8099
8200
6232
8198
8203
8194
5226
3991
11732
7893
7957
3174
10313
3175
8316
7297
7301
4662
7308
5444
7322
3253
7189
7897
11776
7890
7684
7274
11355
8318
7178
11955
4456
11935
11933
5814
5965
10862
10863
10864
11083
8337
8339
8338
8341
8340
8342
8357
8359
8358
8361
8360
8362
7426
7428
7427
7430
7429
7434
7876
7878
7879
7877
9209
4377
4376
7928
7971
7903
4375
7930
7973
7904
4378
7931
7974
7905
4972
9205
9206
9208
2619
3541
3134
3321
8946
8278
8280
9328
9334
9333
9332
9350
9353
9352
9351
8281
8292
9391
9389
9390
9392
9383
9381
9382
9378
9388
9387
9385
9386
9380
9384
8133
7440
7442
7443
7441
3123
11770
11338
11341
11340
6339
6338
8294
8295
8297
8598
8599
8600
8601
8602
8603
8604
7168
7171
8544
8552
8543
8551
8545
8553
8535
8550
8555
8559
8557
8561
8556
8560
8554
8558
9354
9035
8136
8140
8139
9355
9356
9357
9358
9359
3431
6041
3312
8306
8308
8307
8310
8309
8312
2769
8350
8352
8351
8354
8353
8355
6665
4993
5843
10295
9899
11734
3289
11733
6595
6594
6596
7415
3292
4236
3290
5844
5842
7411
3291
5845
9096
4961
9788
9776
9811
9795
9783
9775
9780
9798
9784
9782
9771
9781
9779
9800
9816
9777
9813
9778
9796
9774
9773
9900
9935
9938
10058
1864
3189
3129
6259
7140
3130
3131
3132
3547
3545
3546
7990
7991
9367
9153
7993
9369
4967
7995
7994
4973
4968
9373
7997
7996
9377
8001
7999
8000
8004
8002
8005
8003
8142
8141
8263
8264
8265
8266
8262
8269
8267
8272
8270
8274
8273
8277
4813
91
4901
102
2909
4084
142
98
104
106
108
7910
6246
8238
6247
10847
10848
10849
10850
10851
10852
10853
10854
10855
10856
4921
6369
6371
5412
5411
5214
5215
5216
6486
10718
10719
11926
11353
11349
11350
11351
9360
9361
9362
5760
321
323
326
3176
3178
3177
3179
3180
3181
8745
8744
318
3186
4190
4191
3184
4193
4213
4214
4215
4216
4217
4218
4219
4220
6287
6288
4210
4211
4212
4202
4203
4204
4205
4206
4207
4208
4209
6285
6286
4201
4199
4200
287
288
289
290
291
292
293
294
295
296
297
298
299
300
301
302
303
304
305
306
307
6283
6284
308
309
310
4192
11470
11132
11135
11219
11216
11218
11214
10767
5371
5367
5368
5369
5370
5372
5485
5481
5482
5483
5484
5486
4933
4934
4935
4936
4937
5024
5026
5027
5025
5020
5022
5023
5021
3556
5467
8916
9056
353
354
9833
11735
5393
5394
5395
5396
5397
4333
4331
4332
5362
5478
10483
4330
4328
4329
3557
5363
5468
5479
4023
5473
7570
4022
5472
3558
5364
5469
5487
10485
4024
5474
3559
5365
5470
5488
10482
4025
5475
7563
4027
5477
4026
5476
7562
3560
5366
5471
5489
10484
5519
5524
5520
5525
5522
5526
5523
5527
5939
5783
5997
11112
8166
5705
8167
5706
8168
5707
8165
4578
7824
7822
9405
9406
9407
9408
9365
9364
9363
7331
7332
6940
6941
7333
7334
6942
6943
9287
9211
9213
9212
8923
8924
8925
8926
11131
11129
11772
11773
7421
5360
7420
7419
7422
7423
7424
8163
6165
4048
9202
9201
8743
8741
8742
7115
8243
5399
5400
6166
7536
7538
7537
7539
9394
9393
9395
10642
10643
10645
10644
10838
10846
11015
11016
4783
5359
9940
9943
9941
9945
5361
11477
8887
9198
7799
8127
8129
7801
7802
8128
7803
8130
7807
8126
7528
7530
7529
7532
5508
5509
5510
5507
5992
5994
5993
5995
11474
425
426
445
11682
11684
11687
11685
11686
11683
5494
5496
397
423
457
458
459
460
11465
11466
4841
7008
7009
7010
7011
7012
7013
6994
7002
6996
7003
6988
6997
7004
6998
7005
6999
7006
7000
6989
6990
6991
7001
6992
6993
6995
6869
6870
3555
10473
10467
10472
10466
10471
10469
10468
10470
10474
10476
10475
10477
10481
10478
10480
10479
9061
9058
6673
6676
7373
10886
4836
4840
4837
4838
5716
5717
4858
4861
4384
4859
4860
4385
4862
4387
4075
5776
4976
4816
4820
4980
4977
4818
4978
4819
4979
4823
4981
4985
4982
4983
4984
4986
4990
4987
4988
4989
4070
4071
4853
4856
4854
4855
4857
3562
4370
4369
4931
4932
4844
4851
4394
4845
4850
4395
4852
4396
6321
6318
11162
11163
507
8895
9502
8896
9503
8897
9504
8898
9505
4433
515
4431
4435
522
2631
2632
3543
3542
3544
527
528
11936
11937
11938
11939
11616
11617
11618
11619
11622
11620
11621
8160
11533
11951
11532
4077
1038
11164
3969
585
11852
11853
11851
11850
8915
11529
11952
11528
11535
11537
11953
11536
508
509
512
4436
513
4434
514
4432
577
556
584
4076
11167
11165
11166
11917
11918
11919
11921
3970
3975
3976
11934
8705
8755
11932
5118
3680
3679
5117
11399
11468
7377
7378
7379
7380
6508
6507
7397
7395
7396
7400
7402
7399
7374
7376
7375
6509
2744
2737
2888
4703
4710
2745
2738
2752
4704
4711
4245
4246
4706
4233
4232
4234
2755
2749
2742
2756
4708
4715
5909
5908
5910
9323
9319
9320
9322
9321
10416
10415
10417
6689
4439
4739
2753
2751
5498
5505
3864
4714
4707
4709
4712
4743
3874
7147
5499
7148
2741
4702
3863
2746
4713
4705
2743
5497
4744
2736
2740
2739
2747
2754
4244
2748
4738
4735
4736
4740
4741
11775
3230
3228
3227
3226
3225
3221
3224
3223
3222
3237
3238
7366
3240
6530
6531
7371
6526
6527
6529
3229
3231
3232
7363
9329
9330
9331
4440
3245
7370
3239
6533
3233
3234
3235
3236
7365
11128
11127
11125
11124
3218
3219
3220
3272
3271
692
697
2360
2353
11064
11065
8382
8383
8380
8381
11706
11704
11707
4166
7555
7489
8347
7487
7554
7488
8348
7486
7491
7544
7495
7490
7494
7543
710
711
722
9834
9826
9828
9832
9827
9829
8368
8378
8367
8379
9831
10878
10877
5711
10054
9952
9948
10053
9953
9949
10055
9954
9950
10056
9955
9951
10057
9193
4814
4812
8997
11030
11025
11031
11026
11032
11029
11033
11027
11034
11028
10648
10649
10650
10651
11075
11080
8227
8202
11835
4867
2548
4869
4870
4868
5325
9060
9033
9030
5401
6632
5643
9085
5343
5314
5315
4871
4873
4874
4872
2550
2502
2501
11207
5641
5318
9284
11206
5642
5319
9044
5317
9055
5645
6348
6032
5224
6353
5227
8859
8860
8861
8862
8863
8864
8868
8865
8867
8968
8969
8970
8975
8976
8974
11107
8971
8972
8973
8977
8978
8979
9037
8980
11834
11831
11832
11833
5442
5441
8998
966
6722
11552
2894
11922
9066
6108
9082
8954
8955
8961
8956
8962
8963
8966
8964
8965
11836
6752
6753
6754
9070
5402
6150
9063
5443
3009
9080
9062
9048
9036
2505
11205
2494
1008
10459
6640
6642
7918
6641
7019
4082
4083
9004
9001
8343
10460
10131
10132
10134
10141
10142
10148
10149
10151
10152
10155
10156
10157
10158
10159
10160
10164
10166
10167
10168
10169
10170
10171
10172
10175
10176
10177
10178
10210
10211
10212
10215
10214
10216
10217
10221
10222
10232
10233
10234
10235
10240
10241
10242
10247
10251
10253
10254
10252
10249
10816
11226
6555
7059
6556
7205
7215
7267
7214
7269
7327
7329
5925
5926
5916
5808
5788
5789
7268
6877
6882
7270
6883
7330
5927
5928
5917
5809
5790
5791
6878
6884
7264
6885
7263
7368
7323
7344
7343
5446
6886
7266
6887
7265
7369
7325
6879
7345
7346
6881
5918
6889
6958
6888
6959
5929
5930
5792
5793
7317
5919
7259
7260
5931
5932
7319
5447
5920
7261
7262
5933
5934
7321
6931
7257
6934
9396
7271
5564
5565
7314
7212
7213
6948
7258
7309
7313
10604
10602
5810
5812
9398
5566
5567
6935
6946
6936
6947
7307
9399
10603
7364
5568
5569
5796
5811
6937
7256
6938
6949
7311
9400
9401
7348
7354
7349
7353
7350
6954
2326
2264
2325
2263
6781
9412
6695
6716
9413
9414
9411
9575
9715
9714
9713
9712
2302
10133
10457
10456
2613
10614
10618
10616
5786
10426
5785
5787
4139
5356
10613
10617
10615
10748
10749
10751
10752
10753
10724
10720
10721
10722
10723
10755
10756
10757
10758
10759
10725
10726
10727
10728
10729
10730
10731
10746
10745
10738
10740
10732
10734
10736
10766
10764
9590
10067
9478
10631
10632
10378
10379
10380
10792
11779
11780
11781
1080
1078
10791
10790
11044
11053
11045
11054
11046
11055
11047
11056
11048
11057
11049
11058
11050
11059
11051
11060
11052
11061
8424
8466
8476
8425
8467
8477
8426
8468
8478
8427
8469
8479
8434
8729
8730
8436
11782
8437
11783
8438
11784
8481
8504
8657
8670
8710
8714
8482
8505
8667
8671
8711
8715
8483
8506
8668
8672
8712
8716
8484
8507
8669
8673
8713
8717
8489
8529
8680
8681
8706
8708
8490
8530
8682
8683
8707
8709
8508
8531
8509
8532
8510
8533
8511
8540
8674
8699
8512
8541
8675
8700
8513
8542
8676
8701
8517
8518
8519
8523
8547
8693
8696
8524
8548
8694
8697
8525
8549
8695
8698
9290
9291
9292
5795
5575
5586
5587
5354
5355
4944
4945
5794
5574
5576
5577
5578
5579
5031
5032
5029
5030
5581
5580
5582
5583
5584
5585
7206
7207
6923
7211
6924
6925
7347
6916
6917
7302
9441
9436
6900
4697
9431
7303
9442
9437
6905
9432
7304
9443
9438
6906
9435
7305
9444
9439
6907
9433
7306
9445
9440
6908
9434
4696
2267
8934
8937
4918
6362
4920
6366
4460
4461
4472
8933
8911
4473
4476
8910
8908
10641
9221
9222
9219
9220
3654
4379
8904
8905
8906
8907
8480
8942
8943
8565
8566
8944
8945
7453
7455
7456
7454
7457
7459
7460
7458
5407
5406
5405
10427
4442
10407
10408
9720
9719
7476
8900
8901
9730
9731
9728
9727
11042
9861
9028
9860
9865
9029
9864
9734
9732
9733
9024
9025
9240
9737
9738
10411
10409
10413
10412
5345
3986
3987
3992
3994
3988
3989
3995
3990
4677
4678
4679
7047
5463
5455
5450
5458
5454
5465
5457
5453
5462
5456
5451
5459
5460
5464
5461
9620
9618
9617
9621
11072
5667
5722
6141
5724
6140
5669
6144
5723
6094
7507
5410
8260
8261
10785
10784
5773
5774
7898
11807
10820
10817
10823
10821
10822
10819
11769
11343
10652
10559
10709
10560
10710
10561
10711
10556
10712
10557
10713
10558
10714
3869
7146
3873
3868
3870
3859
3865
7143
3871
3860
3866
7145
3872
3862
3867
4742
4737
7149
5913
5911
5912
5500
8757
8756
6243
6244
6245
6242
8178
8177
8176
8175
3198
3202
3201
3203
9716
9717
9718
10071
10073
10074
10075
10076
10078
10079
9872
9871
9749
9751
9752
10080
10081
10082
10083
10084
10085
10086
9869
9870
4136
10634
6780
4254
4255
4253
4250
4252
3194
8471
8440
3196
8470
8439
3197
8474
8443
8442
8473
3195
8472
8441
4257
7534
7540
7498
7497
7496
7509
7511
7520
7541
7542
8179
8181
8182
8183
3214
10367
5675
10414
9819
5980
5984
5982
5986
5981
5985
5983
5987
6014
6020
6016
6018
5998
6000
6002
6004
6006
6008
6010
6012
6015
6021
6017
6019
5999
6001
6003
6005
6007
6009
6011
6013
5375
5628
7777
7774
7783
7782
7780
7779
7788
7787
7796
7795
7792
7791
5630
5063
5629
8763
8764
5631
5059
5056
5058
11115
5052
5054
5071
5074
5077
5061
5064
5076
5066
5062
5057
5051
5053
5072
5073
5069
5067
5068
9628
9629
5079
5627
9630
5078
11111
11109
11195
6742
6741
6743
5702
5696
9184
9186
9185
5703
5704
6719
9026
9020
11753
5720
4157
4575
4576
10042
10043
10044
10045
10046
10048
10049
10051
10019
10023
10024
10025
10037
10038
10039
10040
10027
10028
10029
10030
10032
10033
10034
10035
11222
11223
4098
3385
3108
4131
4056
4386
5967
4104
4408
4108
5266
4051
4123
4114
5321
8246
8244
8245
4060
4118
4126
4112
5425
4133
4577
4052
7816
6678
1698
5320
9470
5267
6663
5966
10575
6650
4882
4881
6130
9462
3889
3904
7916
7446
7915
7920
7919
7921
7922
9464
9466
9468
7917
6367
6368
5432
5431
4487
5324
4407
7976
7977
7978
4081
10583
4883
4028
5409
5408
10584
7927
7451
7923
7924
5879
9474
5875
5876
5877
5878
5880
5729
5730
7435
6334
6336
7436
6332
3901
6337
3886
3885
3902
6333
4393
8232
8233
4381
6039
4897
7462
7944
7946
7939
7943
7942
8370
7461
7938
7953
7948
7947
7949
7950
7405
9197
9194
7361
3880
3897
8369
5217
7951
5338
5340
5341
3875
3892
8250
8251
5865
5866
3876
3893
8216
8228
9886
9890
9887
9891
9888
9892
9889
9893
3877
3894
8212
10635
5867
5868
3878
3895
7444
7907
7906
7908
7909
7615
7620
7626
7627
9643
9642
9644
9645
8174
8173
8172
3879
5881
3896
5882
7439
7821
7911
7912
7913
7914
11663
11668
5883
5884
5339
4930
4399
8255
8254
8256
8257
8252
8253
4398
5891
5892
6296
6297
7958
7959
7960
7961
7962
7963
9767
9768
4055
4054
4109
6793
8154
4080
7934
7932
7933
7935
10432
7662
11347
3297
11611
10636
11151
8932
8931
8930
10802
10803
9002
9769
9238
9239
11676
11678
4116
5328
4382
4117
6674
4053
4110
8229
8230
2163
7398
7404
9810
9815
9818
9824
11673
11675
7406
8248
8247
7407
11476
8823
5322
7412
4195
3882
3899
3883
7413
8214
8215
8802
8800
8801
9189
9192
9191
9204
9207
8797
8796
8798
8799
8803
4058
4059
5337
11624
7600
4405
7604
6774
7979
7980
7981
4120
6694
4404
4121
7414
8258
8259
6693
4403
4124
8237
3884
3900
8234
8236
7416
6692
4402
7418
4128
6589
4401
4130
4400
7431
6331
4397
6335
5323
6163
6164
11924
1699
6040
4898
7988
7989
4134
4899
3935
11798
7085
5714
9913
9959
9956
9958
10801
11023
9946
11342
11679
11680
10098
4132
10594
10592
10593
7437
5954
5955
7964
7965
7966
7967
7968
7969
7970
10704
10705
10707
10706
4392
5342
4388
9263
5326
5950
5951
5952
3887
3903
9265
9264
9267
9268
9266
10799
10797
10798
10800
10806
10804
10805
10534
5936
11754
10815
10807
10808
10809
10810
9311
4815
9310
10486
6679
6677
6681
7838
5725
7839
5726
9283
9278
6680
1721
1722
1720
5697
1716
5701
5691
5698
5692
5850
5851
5846
5847
5699
5693
5858
5859
5860
5861
5700
5694
5677
9577
9579
9576
11359
5852
5853
5848
5849
6568
6570
5826
5825
5832
5827
5833
5830
5829
5834
5831
5836
5828
5835
3257
4568
4570
4574
4573
6777
6776
6775
4528
4762
7857
4532
4765
7861
7841
7845
4529
7859
4533
7863
7843
7847
4527
4764
7858
4531
4767
7862
7842
7846
4526
4763
7860
4530
4766
7864
7844
7848
7865
7870
7867
7872
7866
7871
7869
7873
10579
5009
7886
7888
9451
9453
5010
7887
7889
9452
9454
7880
7881
5011
7874
7875
9417
9423
9424
7882
7884
9429
9425
9426
9421
7883
7885
9430
9422
9427
9428
5006
5007
5008
6717
6844
9117
9118
9120
9121
9122
9123
9124
9125
9126
9127
9128
9129
9130
9131
9132
9133
9134
9135
9136
9137
9138
9139
9140
9141
9154
9155
9162
9163
9164
9165
9166
9167
9168
9169
9170
9171
9172
9173
9174
9175
9176
9177
9178
9179
9180
9181
9182
9183
10834
10837
10830
10832
10824
10826
10828
10839
10840
10841
10842
10843
10844
10845
10869
10865
10866
10868
10870
10872
10873
10874
10875
10876
10859
10860
10861
10500
10498
10499
10497
9472
11120
11119
11114
11113
11664
7676
10425
2268
10708
4992
1250
10308
1249
9711
10867
10871
11737
6452
6454
3937
6414
6899
7177
7194
7197
10334
5899
5975
4609
1251
1252
1253
1259
1260
1261
1268
1271
1274
1275
2300
1280
3311
1821
1822
1299
1300
1302
1310
1316
1317
2352
1330
1334
1336
2355
1338
1343
1344
1348
1362
1363
2063
2375
2053
2169
2174
2175
2177
2180
2181
2182
2008
2167
2162
2158
2159
2160
2076
2077
2078
2079
2080
2081
2082
2083
2085
2086
2091
2092
2093
2094
3029
2097
2098
2099
2100
2101
2104
356
1970
1969
1962
1958
1955
1953
2399
2339
2401
2338
2404
2368
2409
2411
2415
2416
2417
2418
2419
2421
2422
2423
2424
2426
2427
2428
2435
2437
2438
2439
2446
3094
2452
2455
2460
2465
2474
2472
2476
2480
2530
2531
2532
2533
2534
2535
2537
2538
2539
2540
2541
2542
2545
2881
3488
2931
2951
2965
2972
2974
2975
2966
2968
3038
3039
3040
3041
3044
3045
3046
3048
3049
3050
3051
3052
3053
3054
3055
3056
3058
3062
3065
3066
3067
3068
3070
3072
3073
3076
3077
3078
3079
3080
3081
3082
3083
3084
3085
3086
3089
3091
3092
3093
2447
3095
3097
3098
3100
3102
3107
3106
3109
3113
3114
3115
3116
3117
3120
3119
3124
3126
3128
3133
3135
3137
3138
3140
3141
3142
3145
3146
3147
3148
3149
3150
3151
3153
3154
3157
3155
3156
3158
3160
3161
3162
3163
3164
3165
3166
3167
3169
3170
3171
3172
3173
3193
3204
3209
3208
3211
3213
3252
3260
3261
3262
3263
3266
3265
3269
3273
3274
3277
3280
3285
3286
3287
3296
3299
3301
3302
3303
3304
3305
3308
3309
3314
3316
3317
3319
3323
3325
3278
3332
3333
3334
3335
3336
3338
3340
3341
3342
3343
3346
3347
3348
3349
3350
3351
3360
3359
3353
3354
3355
3356
3357
3358
3361
3362
3363
3364
3366
3365
3369
3370
3371
3373
3374
3376
3377
3378
3379
3380
3383
3384
3388
3441
3457
3458
3459
3461
3462
3484
3491
3492
3493
3494
3495
3496
3498
3460
3499
3512
3513
3514
3515
3521
3523
3525
3519
3526
3527
3706
3707
3144
3713
3724
3727
3723
3730
3731
3733
3734
3735
3344
3742
3744
3856
3315
3906
3985
1394
4617
4618
4620
4621
4622
4629
4649
4661
4663
4674
4730
4884
4887
4889
4890
4892
4893
4655
5037
5529
5278
5046
10353
5279
5281
5282
5284
5287
5293
5296
5297
5621
10354
11609
11602
5540
5538
5420
5619
5528
5718
11603
10355
11614
11613
6062
6084
6225
6227
5351
6229
6230
6248
6289
6276
6322
6275
6274
6272
6271
6260
6315
6295
6294
6304
6305
11601
6317
1423
6347
6358
6399
6402
6405
6406
6407
6408
6412
6413
6415
6416
6417
6372
6374
6424
6429
6431
6458
6479
6480
6488
6495
6502
6503
6504
11588
6611
10601
6865
6874
7042
7044
7043
7065
7066
7069
195
7785
7954
8134
8150
8406
8407
8414
8417
8759
8761
8762
8750
8765
8776
8773
8784
8785
8786
8787
8778
8779
8780
8781
8782
8783
8847
11499
11526
8857
11514
8866
11502
11506
8869
11538
11513
11496
11534
11509
10282
11478
8993
11524
9243
9255
11525
11486
9985
11515
10283
11542
11520
9944
11490
9960
11521
9970
11548
11549
9969
9967
11523
11504
9518
11562
9532
11560
9572
11545
11543
11544
10120
11555
9583
11556
9584
11565
10274
11567
10150
10279
11575
9142
11576
10290
11581
7316
11594
10280
10281
11646
10292
11708
9297
9342
9276
9302
9296
9485
9486
9506
9507
9509
9511
9512
9600
9603
9612
9604
9598
9599
9677
9636
9637
9638
9639
9591
9721
8912
9722
9723
9725
9653
9658
9646
9659
9672
9684
9691
9760
9693
9694
9697
9700
9705
9759
9763
9835
9836
9838
9789
10022
11612
9791
9794
9807
9790
9830
9863
10020
9755
9756
9770
9841
9850
9859
9766
9875
9876
9917
9915
9882
11086
9976
9977
9978
10088
10061
10105
10050
9573
9996
9925
9901
9902
9911
9919
10259
9939
9980
9975
5761
10005
10018
10017
10036
10012
10013
10015
10059
10069
10070
10072
10077
10087
10089
10014
10093
10096
10100
10103
9785
6666
7820
10110
10111
10112
10116
10117
10128
10129
10135
10136
10137
10138
10139
10140
10143
10144
10145
10146
10130
10154
3386
10163
10180
10181
10182
10186
10188
1272
10196
10207
10190
10245
10209
10174
10195
10194
10236
10237
10224
10225
10220
10218
10230
10231
10243
10255
10294
10296
10297
10298
10299
10300
10301
10302
10303
10305
10285
7751
5898
10309
10244
10239
7765
7750
7315
10311
10315
10318
11589
11590
11591
10316
10319
10320
10321
10324
10325
10326
10328
10330
10322
10331
10356
10362
10363
10364
10365
11592
10382
10418
10384
10389
10390
10391
10399
10423
10428
10450
11728
10436
10439
10451
10454
8391
10461
10462
9687
9688
10464
10463
10552
10546
10533
10539
10538
10537
10536
10562
10563
10565
10571
11730
10619
10633
10626
10629
10630
10670
10671
10672
10673
10674
10675
10676
10678
10681
10607
9005
10458
10771
10772
7188
11586
10775
10777
10783
11595
11600
11587
11736
11731
11739
11599
11745
10814
11310
11315
11312
11749
11024
11241
11239
11750
11094
11238
11242
11751
11761
11763
11087
11785
11789
11793
11792
11089
11090
11092
11795
11093
11796
11095
11097
11123
11106
11122
11175
11183
11137
11189
11270
11797
11200
11261
11804
11160
11126
11805
11596
11130
11244
11810
11152
11155
11174
11153
11156
11171
11157
11181
11159
11173
11172
11154
11811
11136
11139
11142
11143
11144
11161
11177
11184
11198
11190
11191
11193
11228
11230
11243
11252
11257
11812
11258
11259
11264
11268
11269
11271
11272
11273
11274
11289
11302
11813
11279
11280
11285
11303
11316
11317
11321
11322
11323
11335
11365
11374
11376
11380
11382
11410
11417
11439
11825
11826
11827
11828
11858
11859
11829
11830
11866
11868
11869
11882
11883
11884
11887
11911
11947
11949
11954
11958
1369
1370
1371
1372
1373
1374
1377
1378
1379
1380
1381
1383
1384
1385
1386
1387
1389
1390
1392
2907
1396
1402
1403
1404
1405
1406
1408
1412
1414
1416
1417
1418
1420
1421
1422
3489
1426
3487
1427
1431
1433
1434
1435
1438
1439
1440
1441
1442
1443
1444
1445
1446
1447
1450
1451
1452
1453
1454
1455
1456
1457
1458
1459
1460
1464
1465
1466
1467
1469
1475
1476
1477
1478
1479
1480
1481
1482
1483
1484
1485
1486
1487
1488
1489
1491
1492
1493
1494
1495
1498
1501
1503
1505
1507
1508
1509
1512
1513
1518
1519
1520
1521
1522
1527
1528
1529
1530
1531
1532
1534
1535
1536
1537
1538
1539
1540
1542
1543
1544
1549
1550
1551
1552
1554
1555
1556
1558
1559
1561
1563
1564
1565
1567
1570
1571
1574
1575
1577
1578
1579
1580
1581
1582
1584
1585
1586
1587
1589
1590
1593
1594
1595
1596
7692
9594
1705
1706
11957
10376
10377
10375
